Eddington ratio
       0.0000000
       0.0000000
   6.7747068e-05
   2.4251119e-08
    0.0048856451
       0.0000000
   4.1144445e-06
   5.9507395e-06
    0.0044519079
   0.00074716128
       0.0000000
   6.3162123e-08
   0.00020590358
   0.00076885540
   6.3786315e-05
    0.0010064277
   0.00040196177
   6.5787622e-06
   3.3717311e-05
   0.00048267390
   0.00034829933
   0.00032548743
   0.00051235164
   1.4170318e-05
   3.3244443e-05
   0.00079248729
   7.3916152e-06
    0.0021186740
     0.012468551
   0.00093988164
   3.1688538e-05
   9.7957774e-07
   0.00025592590
   3.5986958e-06
    0.0024143555
   5.6065439e-05
   6.0638642e-05
    0.0044358611
   1.8846728e-05
   1.2092201e-05
   0.00020519536
   0.00059463542
   0.00023479288
    0.0055337434
   0.00024943776
   0.00016771001
   0.00045265315
            -NaN
   6.4159218e-05
   0.00014419301
   1.3971624e-05
   1.5908042e-09
   1.0324196e-05
    0.0011357308
    0.0015433819
   3.1748222e-10
    0.0010524802
   0.00039794924
       0.0000000
   1.3046143e-05
   7.3231913e-05
   0.00011911279
   4.1235840e-05
   0.00023200180
   0.00011747507
   0.00080755401
   6.8557398e-05
    0.0014063091
   4.6082174e-05
   0.00019266769
   0.00013300247
   0.00012331515
    0.0016363861
    0.0078726610
   5.3143508e-05
   2.3430063e-05
   6.2922330e-05
   5.5820723e-06
   0.00031832821
   0.00011258938
    0.0018742855
   6.4901915e-06
   2.9308609e-05
   0.00042863866
   0.00068323155
   3.5820323e-05
   0.00010314317
   8.0306182e-06
   2.2449088e-05
    0.0016030282
      0.11377977
   2.4566126e-05
   2.1935490e-05
     0.011623983
   5.7506578e-05
   1.2802854e-05
   1.1663678e-05
   2.2323101e-06
    0.0079256146
   4.4432958e-05
   2.6605153e-05
   4.8099867e-05
   6.5968414e-06
   1.1637168e-09
   0.00017845124
   0.00054262483
   9.9461789e-05
   5.6459979e-06
    0.0019349663
   7.1677015e-06
   0.00023629482
   0.00028906230
   1.1771710e-10
   0.00098837058
   5.5261051e-05
   1.8003395e-06
    0.0013695958
   0.00042693373
   0.00028187651
   3.2256897e-05
   2.3221829e-07
   9.3310182e-06
   1.4213560e-11
   2.4351830e-05
   5.2517551e-06
   0.00043188247
   8.2389267e-06
   9.1336185e-08
   1.6970285e-06
   1.0958351e-05
   2.8913044e-05
   1.8265344e-05
   1.7597004e-06
   7.9927969e-05
   1.7444240e-07
   0.00010081715
    0.0015621268
   0.00030329474
   0.00048199071
   1.8357064e-05
   1.0070933e-07
   0.00011345814
   1.8172881e-05
   0.00019105079
   7.3920622e-05
   6.1949216e-06
   1.9633431e-05
   1.0384842e-05
   1.4144454e-05
   1.5962006e-05
   0.00010169598
    0.0013639098
   4.2402965e-05
   0.00076866150
   1.3642427e-05
   2.6785871e-05
   0.00038259896
            -NaN
   0.00021444404
   0.00026183601
   3.7463416e-05
   9.8696897e-10
   4.9991281e-05
    0.0040756561
   0.00023571869
   0.00046322160
   8.3760687e-05
   0.00045920235
   0.00054932230
            -NaN
   9.7818920e-10
   1.9585073e-05
   4.6717766e-06
   3.9715392e-06
   0.00011420689
   6.1569810e-06
   0.00011105551
   0.00080351938
   3.8068737e-05
   2.5240218e-05
   6.2505548e-06
   0.00016667530
   1.9150102e-05
   0.00013210424
   9.6086536e-05
   8.1742315e-12
   2.4662286e-05
   9.5679853e-11
   2.9236191e-05
    0.0024770654
   1.4875712e-06
   2.8448052e-05
   1.0935715e-06
   1.3025349e-06
   1.5559998e-05
            -NaN
   0.00066507825
   0.00010776773
   0.00010753217
    0.0038648478
   3.5665249e-10
   2.6378856e-06
   4.3132545e-05
   0.00068882722
   0.00085032827
   0.00045181801
   0.00025900485
   0.00042461270
   1.5251907e-05
   2.0836882e-05
   6.8346271e-11
   6.8103483e-05
   2.3935651e-05
   5.0354534e-05
   3.1988040e-05
   7.5835105e-07
   8.7099159e-06
       0.0000000
   2.6079430e-05
   2.3149655e-05
   1.4828217e-05
   2.1088697e-06
   1.3722318e-06
   0.00020095352
   4.2935425e-05
   0.00062771215
   2.3569562e-05
   7.4112594e-05
   0.00011721221
   5.3917404e-06
   1.2168019e-05
   0.00010049873
   8.7865290e-06
   0.00098325269
   2.4432499e-05
   7.2185288e-06
   4.2346134e-05
   2.7276425e-07
   1.3619614e-05
   3.6942923e-05
   4.7817858e-05
   1.1983100e-06
   4.1369226e-06
   4.8679609e-06
   1.6149252e-05
   3.8082253e-05
   6.7678118e-05
   0.00058461726
   2.5357949e-05
            -NaN
   2.0778221e-05
   2.5202251e-06
   2.8138963e-06
   0.00041297128
   0.00018958940
   9.1865081e-10
    0.0011388699
   0.00016379166
   3.1685856e-05
   0.00014215223
   1.4570805e-10
   7.4453834e-05
   2.2607980e-05
   9.0073305e-06
   3.5285833e-05
   0.00019012839
   2.4198492e-06
            -NaN
   2.1062737e-05
   6.2386636e-06
   1.8166405e-05
   0.00095875255
   2.0822942e-05
    0.0033867015
   6.4186589e-05
   2.7996641e-06
   9.8144575e-06
   8.4214565e-06
   5.1175125e-05
   4.5114590e-05
   8.5937702e-05
   4.9133981e-07
   0.00072672482
   1.6347061e-05
   4.0193247e-06
   5.1150327e-07
   5.0708242e-05
   0.00023502656
   1.5352672e-11
   1.7515585e-06
   8.3358070e-05
   2.3161937e-05
   6.5529921e-08
   1.3601632e-05
   8.4555504e-06
   7.6971060e-10
   5.8329613e-05
   8.8746374e-06
   4.8889024e-06
   1.1856690e-06
   4.8111843e-05
   7.2780965e-06
    0.0028757684
   1.5686280e-05
   0.00043148569
    0.0015862847
   1.1143390e-05
   5.9479894e-05
   1.1749435e-05
   3.5132765e-07
   4.4166388e-05
   0.00010497637
   2.7170241e-06
   6.3188174e-05
   0.00020516709
   3.2022620e-06
   1.3627443e-07
   1.0659288e-05
            -NaN
   3.0249420e-06
   0.00062221169
   3.9169523e-10
   4.6594419e-05
   5.8920952e-05
   1.7618059e-06
   0.00022382691
   1.5750223e-07
    0.0012970865
   6.3734185e-06
   1.7758645e-05
   2.0479341e-05
   7.4018226e-05
   5.9915121e-06
   2.3903739e-05
   1.2906506e-07
   0.00010438364
   2.0234568e-06
   0.00010348808
   0.00051349914
       0.0000000
   3.6677829e-05
   0.00012850895
    0.0011942572
   9.1467582e-06
   1.8576002e-06
   3.1612976e-11
   2.1487790e-12
   2.2159569e-05
   4.2626802e-06
    0.0011763282
   7.9321891e-05
   3.7578193e-10
   5.1636112e-11
   5.6605475e-06
   9.3740249e-07
   0.00011674808
   0.00055610116
   0.00010611331
   2.1826639e-05
   2.4108376e-05
   8.6641358e-06
   4.9880181e-06
   1.1813286e-07
   1.8278974e-05
   2.8722310e-11
   3.5610840e-05
   2.4576767e-10
   6.7890443e-06
   1.8615846e-05
   1.9307434e-11
   1.0181270e-05
   2.8528026e-05
   8.5053897e-05
    0.0013334787
   2.7863961e-06
   1.5943929e-05
   1.0599614e-05
   2.4481574e-06
    0.0011012536
   1.1497074e-05
   1.7360545e-06
   1.6048722e-05
   2.7697341e-06
   0.00053404691
   2.5998112e-06
   5.8292359e-05
   6.4779380e-06
   3.6717698e-06
   1.2253796e-06
   1.1804132e-06
   1.4851529e-05
   2.0478136e-05
   1.1213224e-05
   3.8344171e-07
   1.1625160e-05
   1.6717837e-05
   5.2580801e-06
   2.8668496e-06
   1.4843853e-05
    0.0011690652
   4.5080062e-05
   1.0649838e-05
   1.4087897e-05
   4.8720581e-06
   1.0525989e-06
   8.0105019e-06
   8.3471461e-06
   2.3576065e-06
   3.6365780e-05
   1.6186323e-05
   2.5773715e-07
   1.5405566e-06
   2.9431450e-05
   3.5542278e-06
   3.3705297e-05
   7.2312825e-07
   1.0856129e-06
    0.0010191870
   1.1992799e-06
   8.2707534e-05
   4.8916580e-06
   4.1177887e-06
   7.0985842e-05
   1.3541723e-11
   5.4750772e-05
            -NaN
   3.3547877e-06
            -NaN
   1.5099108e-08
   1.0431500e-05
   1.2444785e-06
   2.1797550e-06
   7.3507542e-06
   0.00016184408
   1.1243707e-06
   1.0895164e-05
   7.4900697e-05
   0.00047303135
   1.1837419e-06
   7.2605950e-11
   4.6347083e-06
   1.1223569e-05
   1.1795957e-06
   2.3799554e-06
   3.4023928e-05
   9.8765203e-12
   1.0131840e-06
   1.4195104e-06
   1.0533651e-05
   3.4698943e-06
   4.6334875e-06
   7.9124783e-05
   5.4986623e-06
   1.5128437e-07
   4.4762483e-11
   5.9604856e-05
   4.0403214e-06
   8.4590231e-06
   0.00011087258
   2.5042407e-06
    0.0012662296
   9.9505032e-06
   7.5210233e-06
   2.6136550e-09
   9.4665855e-07
   6.3669936e-05
   4.8571404e-06
   5.8951580e-05
   1.0786953e-10
   2.4773901e-06
   3.6573362e-05
   1.6740938e-06
   1.4546074e-05
   4.1843951e-07
   5.4191082e-07
   5.8319435e-05
   3.4059124e-06
   8.9074193e-07
   1.3754484e-05
   3.4671025e-05
   2.2892233e-06
   1.0197686e-06
   1.2935612e-05
   4.3709595e-05
   4.9015917e-06
   4.0482197e-05
   4.6063716e-07
   3.9484138e-06
   3.8277334e-08
   1.0710042e-07
   0.00011392613
   1.6711797e-06
            -NaN
            -NaN
   0.00028044206
   6.2942222e-05
   1.8216832e-06
   4.1573123e-06
   9.3300932e-06
   4.8189633e-06
   3.9508402e-06
   7.2853518e-10
   0.00017737757
   9.5040849e-06
   7.0310442e-05
   2.7458118e-07
   8.6829447e-07
   0.00034738571
   7.2468602e-05
   1.2288799e-05
   6.3473493e-06
   1.2914540e-06
   7.6728761e-11
   2.2989963e-06
       0.0000000
   7.3162417e-08
   1.5216311e-05
   1.3003323e-06
   8.9444739e-06
   5.6463465e-07
   4.4652928e-05
   0.00011690523
   3.1480326e-07
   1.1747600e-05
   4.0285219e-07
   9.8560504e-05
   2.4902545e-08
   8.6931417e-06
   4.9159980e-06
   1.8019674e-05
   9.8565632e-05
   5.0835766e-08
   7.4464805e-07
   2.0973981e-05
   4.4418175e-07
   1.5209635e-05
   6.4905142e-06
   9.4575856e-06
   1.4083040e-05
   6.4858176e-12
   1.0989894e-05
   4.1403166e-05
   0.00024340975
   1.5555832e-05
            -NaN
   3.3637497e-06
   1.9977559e-06
   3.5957912e-07
   0.00025033815
   1.3848039e-09
   1.2361824e-11
   3.8663659e-05
   3.9213357e-06
   2.1470724e-06
   7.8830183e-05
   6.0420098e-06
            -NaN
   2.0285943e-09
   3.5130775e-05
            -NaN
   7.6381769e-07
   1.8406730e-05
   6.1316065e-06
   4.0784893e-06
   1.2930427e-06
   4.0588063e-07
   2.1472164e-07
   9.9259051e-06
   9.6761816e-06
            -NaN
   0.00050901187
            -NaN
   4.9713443e-05
   7.6176732e-09
   4.8932238e-06
   6.6671439e-06
   4.3253497e-11
   6.7740213e-06
   5.3053518e-07
   1.8066918e-06
   4.8041871e-11
   2.8569696e-05
    0.0015574360
            -NaN
   2.3928344e-06
       0.0000000
   4.4792647e-07
   4.1983553e-11
   6.5247639e-05
   3.3918045e-07
   1.3709583e-05
   0.00098715341
   4.8795335e-05
   0.00024267071
   0.00045424344
   1.5523869e-10
   1.9417247e-05
   8.3145565e-06
   8.1106210e-06
   3.6692375e-06
   2.6504235e-05
   1.0733232e-05
   1.4806356e-07
   9.8301359e-07
   5.5489631e-05
   8.6279319e-06
   1.2677305e-06
   0.00011291058
   2.4332877e-06
   6.0107171e-08
   3.5847817e-06
   2.7195128e-06
   1.6495031e-06
   3.4401787e-06
       0.0000000
   4.7779330e-06
            -NaN
   3.2049009e-06
   1.6026560e-11
   1.3412146e-06
   5.0024585e-06
    0.0061305036
   6.5764590e-06
   1.0446085e-05
   4.8900800e-07
   2.3727378e-06
   4.8767040e-06
   5.5773026e-07
   1.5088049e-07
   6.0297920e-06
   2.8017859e-11
   0.00012161994
   2.5507533e-06
   6.9435994e-07
   3.2017240e-05
   2.6064079e-07
   1.2530905e-05
   1.4657900e-06
   1.1083291e-05
   1.7094858e-07
       0.0000000
   5.5259418e-06
   7.4856372e-06
   7.4708271e-07
   9.3412860e-12
   6.8782511e-06
   5.8475867e-06
   8.0972711e-08
   2.1742211e-05
   0.00027407290
   7.4618158e-11
   1.8314103e-06
   8.1508935e-07
   1.1978161e-06
   4.2566676e-07
   1.1854622e-05
   3.6145562e-05
   1.2985915e-05
   3.7205028e-06
   4.8616659e-06
            -NaN
   3.1869570e-06
   3.2670881e-05
   4.3501613e-08
   3.4083514e-06
   2.1237598e-05
            -NaN
   5.1711303e-09
   8.0739038e-07
   5.0815275e-07
   9.1177909e-07
   2.2648149e-05
   4.6783580e-07
   9.3951010e-06
   1.0510068e-06
   1.8774000e-06
   6.2526555e-06
   2.9253081e-07
   0.00066215439
   2.5222453e-07
   1.5665291e-05
   2.3698009e-05
   7.1546279e-06
   2.6419363e-06
   5.7339974e-11
   1.1902428e-05
   4.8192318e-10
   3.1311748e-11
   0.00016585340
   8.1694421e-07
   1.8471939e-05
   1.0575338e-06
   2.1887878e-06
   6.7600105e-06
   1.8161503e-06
            -NaN
   3.7212344e-06
   1.5338307e-05
   0.00080726040
   1.1108065e-05
   8.6397476e-05
   5.2885001e-07
   3.2084345e-06
   1.8237980e-05
   8.9028770e-08
   9.2423193e-07
   2.8712138e-05
            -NaN
   0.00054943044
   0.00012236770
   4.0906330e-05
   5.9394727e-07
   5.4802209e-08
   1.3638225e-05
   1.2732014e-06
   2.1156600e-05
   5.7810770e-11
   8.4131261e-05
   1.8094098e-11
   2.6677406e-07
   8.1159128e-08
            -NaN
   2.1891476e-05
   3.8599056e-11
   2.1735734e-07
   2.9623841e-06
   4.9691326e-06
   6.0388412e-07
   3.5230032e-07
   4.5336709e-07
   5.1722943e-07
   5.9257817e-07
   2.0703751e-05
   6.0588541e-10
   0.00018568767
   1.7085952e-06
   3.1197119e-06
   9.0931071e-07
   3.5385729e-10
   0.00079291806
   2.5867101e-11
   3.3403063e-07
   0.00011069601
   2.2406034e-05
   5.4291756e-09
   4.8666032e-05
   1.9897235e-06
   2.9743445e-07
   5.1241021e-08
   7.2343130e-05
   4.5884136e-06
   3.6267463e-06
   8.1501079e-05
   6.9264371e-07
   5.3284370e-07
   4.4258741e-05
   0.00020688006
   2.8088475e-06
   3.3096666e-08
   8.5171383e-05
   2.0584617e-11
   1.1410175e-05
   1.6075491e-05
   1.1054194e-07
   1.1507168e-05
   2.2329699e-05
   0.00028679792
   1.3398457e-08
            -NaN
   5.3759861e-09
   2.2876265e-07
   9.1106648e-06
   5.8414221e-11
   5.8251231e-05
   8.9092216e-06
   6.1574477e-06
   2.5165610e-11
   5.0096244e-07
   7.1098577e-12
   7.6760937e-11
   3.0507058e-07
   2.6743042e-05
   2.0895766e-11
   1.8477269e-10
   7.3398153e-11
   1.0575384e-05
   3.1201753e-05
   5.5865387e-08
   0.00028222092
   9.0256059e-08
   6.6627475e-07
   3.5689825e-11
   1.1099531e-05
   1.7874194e-06
   1.6459728e-06
   4.5470880e-05
   7.5183839e-13
   2.0289171e-08
   1.3296965e-05
   4.9966193e-06
   3.6540973e-05
   1.2288045e-06
   1.6468961e-06
   2.4780094e-07
   1.0277090e-07
   8.7683701e-11
   2.8085675e-06
   3.1195042e-07
   7.9710083e-07
            -NaN
   3.1917574e-06
   1.6952056e-06
   8.0038321e-05
   1.8921062e-06
   4.4622653e-08
   2.0745583e-05
            -NaN
   1.2573055e-08
            -NaN
   2.5393294e-10
   1.5529594e-07
   1.5729469e-09
            -NaN
   4.1921984e-09
   9.9377825e-06
   6.8746256e-07
   5.2418988e-05
   3.6214318e-08
   6.0874040e-05
            -NaN
   1.6712764e-05
   5.0467679e-13
   1.6026486e-07
   1.5829345e-05
   4.2103262e-06
   1.2214706e-07
   1.0979385e-06
            -NaN
            -NaN
   9.7437226e-07
            -NaN
   1.6116225e-05
            -NaN
   3.4847257e-11
   2.4343176e-06
   6.6111305e-06
   4.9508664e-05
   7.1935096e-08
   2.3737660e-06
   1.5217705e-06
   1.9147949e-11
   2.2025569e-06
   3.8124706e-07
   4.7233723e-07
   5.7361743e-06
   6.1192166e-06
   1.5585096e-08
   2.4701937e-06
   1.5414762e-06
   2.3603517e-11
   2.9249132e-06
   8.0170595e-09
   4.6921289e-07
            -NaN
   7.5132903e-08
   2.8492128e-05
   3.0903302e-06
   3.2036612e-07
   1.3100342e-07
            -NaN
   9.1942601e-08
   4.1602474e-05
   0.00068859783
   1.0678366e-05
   3.5141541e-08
   3.9826442e-06
            -NaN
   3.2196899e-08
   7.3238090e-13
            -NaN
   2.1226655e-08
   1.6424241e-07
            -NaN
            -NaN
   3.8746672e-07
   2.9962512e-05
   2.6039943e-05
   1.5348066e-05
   1.5068908e-05
   1.3778493e-07
            -NaN
   8.1085471e-06
   1.1812257e-05
   3.3873579e-06
   5.8078748e-13
   3.8805205e-11
   4.1747857e-10
   4.0388017e-07
   6.2451557e-08
   3.2283075e-08
   2.1867053e-06
   2.1285715e-07
   3.3054952e-07
            -NaN
   2.8196761e-06
            -NaN
            -NaN
   1.9167238e-06
   1.2156157e-10
   1.1695694e-06
   5.7069258e-07
   1.7618755e-06
   6.8733428e-08
   9.3957526e-07
   1.0840241e-06
   6.8656607e-06
       0.0000000
   2.4019966e-07
   9.4884481e-07
   8.6157647e-06
   7.1000666e-05
            -NaN
            -NaN
   1.8494443e-05
            -NaN
   1.9373919e-06
            -NaN
            -NaN
   4.6366378e-07
   1.7469608e-06
   2.3380999e-10
   1.2278822e-05
   1.0741855e-07
   1.8959275e-11
   4.5315451e-08
   1.8392428e-11
   4.8185939e-07
   2.2653233e-07
   0.00020729380
            -NaN
   1.7356517e-06
   1.5142848e-05
   5.2733489e-07
            -NaN
   3.9723796e-06
   4.0497565e-10
   3.8798196e-08
            -NaN
   3.1042311e-05
            -NaN
   3.6591496e-06
   2.5277060e-06
   4.3763693e-12
            -NaN
   3.9852067e-05
   1.0489808e-05
   1.5701744e-06
   3.9539790e-07
   1.4794892e-06
   9.1905704e-07
   9.1584113e-07
   2.3032125e-05
   3.0232469e-06
            -NaN
            -NaN
   4.2443388e-12
            -NaN
   7.0305428e-11
            -NaN
   6.9533772e-07
   1.2172941e-06
   1.6129610e-07
   7.3784163e-11
   7.3434537e-07
   9.9726279e-07
   1.3157844e-08
            -NaN
            -NaN
            -NaN
   2.6110650e-05
   7.7783854e-12
            -NaN
   2.4969468e-07
            -NaN
            -NaN
            -NaN
   5.8876640e-08
   2.3702331e-11
            -NaN
   3.8143626e-12
            -NaN
   5.7283777e-06
   6.9033683e-06
            -NaN
   1.5377526e-06
            -NaN
   2.8048615e-07
            -NaN
            -NaN
   1.1992457e-05
            -NaN
            -NaN
            -NaN
   4.4646784e-07
   6.3425417e-07
   5.5462783e-07
   1.9377695e-07
   2.7662387e-05
   1.2444164e-06
            -NaN
            -NaN
            -NaN
            -NaN
            -NaN
   4.7926744e-08
            -NaN
            -NaN
       0.0000000
            -NaN
            -NaN
            -NaN
            -NaN
            -NaN
            -NaN
   2.1835819e-08
            -NaN
            -NaN
            -NaN
   3.8826109e-06
   1.5374814e-07
            -NaN
   4.4956993e-10
            -NaN
            -NaN
   1.2085735e-07
            -NaN
            -NaN
            -NaN
            -NaN
            -NaN
            -NaN
   2.9803441e-07
   2.1050235e-06
   1.2220229e-09
            -NaN
            -NaN
            -NaN
       0.0000000
            -NaN
            -NaN
            -NaN
            -NaN
   1.1231386e-05
            -NaN
            -NaN
   2.1641610e-10
   3.5413762e-12
            -NaN
            -NaN
            -NaN
            -NaN
   5.0319142e-11
            -NaN
            -NaN
            -NaN
   1.3358038e-10
            -NaN
            -NaN
            -NaN
            -NaN
   1.0282086e-06
            -NaN
            -NaN
            -NaN
            -NaN
            -NaN
            -NaN
   1.2205689e-11
            -NaN
            -NaN
            -NaN
            -NaN
            -NaN
   1.6456015e-08
            -NaN
            -NaN
   1.3200742e-06
            -NaN
            -NaN
            -NaN
            -NaN
            -NaN
   7.7531048e-12
            -NaN
            -NaN
   1.5207673e-11
            -NaN
   1.2074872e-05
   2.2566391e-05
            -NaN
            -NaN
            -NaN
            -NaN
            -NaN
            -NaN
            -NaN
            -NaN
   2.8224185e-11
            -NaN
            -NaN
            -NaN
            -NaN
            -NaN
            -NaN
            -NaN
   1.6198909e-07
            -NaN
            -NaN
            -NaN
            -NaN
            -NaN
            -NaN
            -NaN
            -NaN
            -NaN
            -NaN
            -NaN
            -NaN
            -NaN
            -NaN
            -NaN
