M_BH
  3.58940e+08
  1.52431e+08
  1.56861e+08
  9.46171e+06
  2.16066e+07
  3.07325e+07
  7.05664e+07
  5.67469e+07
  2.93432e+07
  1.82481e+07
  1.19701e+07
  6.79884e+07
  1.00292e+08
  7.72962e+07
  6.24126e+07
  6.60809e+06
  2.04557e+07
  6.84792e+06
  4.80259e+06
  1.05153e+07
  4.41368e+06
  9.12087e+06
  5.04464e+06
  5.14911e+06
  3.47253e+07
  1.22240e+07
  3.04761e+06
  2.58757e+07
  2.29339e+07
  4.13262e+06
  2.30430e+06
  2.96046e+07
  6.17174e+06
  6.36439e+06
  7.62386e+06
  4.88929e+06
  2.75190e+06
  1.11431e+07
  1.98216e+07
  2.61819e+06
  2.21102e+06
  1.51186e+07
  3.89816e+07
  1.10736e+07
  2.57940e+07
  1.62848e+06
  3.05591e+07
      0.00000
  2.73611e+06
  3.67938e+07
  1.91284e+06
  1.92128e+07
  1.05582e+06
  2.55724e+07
  3.45102e+06
  3.55959e+06
  4.27072e+06
  4.13564e+06
  1.65100e+07
  1.76266e+06
  1.91514e+06
  2.62020e+06
  1.51512e+06
  4.62394e+06
      655412.
  1.49952e+07
  1.33094e+06
  1.58462e+06
  1.39730e+07
  1.30524e+06
  3.08717e+06
  2.24890e+06
  3.96120e+06
  8.73666e+06
  1.16081e+06
  2.00039e+07
  1.57439e+06
  1.40082e+06
      576047.
      837526.
  2.50705e+07
      751942.
  1.06635e+06
  1.07927e+07
  1.46401e+07
  1.94608e+06
  1.81366e+06
  2.05020e+06
  1.46291e+06
  3.68212e+06
  1.44232e+07
      894312.
      658812.
  9.50297e+06
      419945.
      876023.
  1.14671e+06
      419277.
  2.09157e+06
      857226.
      698510.
      656139.
  1.11543e+06
  1.75523e+06
  2.19926e+06
  1.73666e+07
  1.36825e+06
      923355.
  6.59178e+06
      622534.
  1.70222e+06
  1.90700e+06
  1.10343e+06
  1.90944e+06
      879977.
  1.11628e+06
  2.89361e+06
  4.20364e+06
  1.45230e+06
  8.81660e+06
      404920.
      682372.
      756353.
      620710.
      615588.
  1.95493e+06
      316467.
  1.22450e+07
      902865.
  1.53298e+06
      630257.
      660772.
      810924.
  6.14867e+06
      376143.
  1.08470e+07
  9.68312e+06
      800046.
  3.38647e+06
      935882.
  1.05911e+06
  2.49143e+06
      456560.
      797151.
      718462.
      281650.
      692818.
      597250.
      820357.
  1.43733e+06
      358305.
  7.56597e+06
      547126.
  2.35975e+06
      736898.
      485613.
      710057.
      0.00000
      496963.
  1.07148e+07
      484591.
  2.27964e+06
      854172.
      899429.
      934790.
  2.28014e+06
      697079.
  2.29942e+06
  6.60804e+06
      0.00000
  2.01968e+06
      848135.
      306209.
      499757.
      78790.0
      885124.
      175840.
  7.25698e+06
      392029.
      795618.
      254336.
      707079.
      411789.
      328271.
      858422.
      573367.
      575917.
  1.17731e+06
      717348.
  4.96341e+06
      504841.
  1.05363e+06
      305302.
      322324.
      282619.
      0.00000
      304050.
  1.94127e+06
      438404.
  3.32174e+06
  1.28845e+06
      306526.
      384880.
  1.84455e+06
  3.73691e+06
      600271.
  4.41103e+06
      958217.
      480911.
      430806.
      319136.
      456751.
      359344.
      799678.
      539194.
      325216.
      556836.
  1.12385e+06
      193693.
      594644.
      297664.
      272329.
      865049.
      553711.
      360202.
      388248.
      720447.
      166113.
      483943.
      416075.
      558748.
      346034.
      189236.
      932759.
      413972.
      157864.
      458941.
      546132.
      423006.
      809364.
      348885.
      380222.
      528278.
      410413.
      570753.
      791163.
      526744.
      954757.
      227845.
      0.00000
      342327.
      237829.
      509415.
  1.37138e+06
      308509.
      898500.
      909281.
  5.13952e+06
      222181.
      221782.
      320708.
      512124.
      350762.
      548718.
      74828.9
      402290.
      277982.
      0.00000
      383449.
      403905.
      473746.
      623928.
      611812.
  1.14235e+06
      434435.
      185876.
      94738.3
      302517.
      297879.
      411721.
      366786.
      356018.
      516311.
      407532.
      185617.
      526265.
      564633.
      879585.
      183145.
      506576.
      176134.
      242057.
      339879.
      390782.
      276542.
  1.04514e+06
      266299.
      291046.
      119932.
      293031.
      379401.
      366239.
      684285.
      107360.
  2.34844e+06
  3.05595e+06
      78331.0
      903206.
      397016.
      213279.
      358548.
      548407.
      289601.
      523517.
      761610.
      187640.
      261256.
      353670.
      0.00000
      297420.
      406193.
      803728.
      557147.
      688826.
      106727.
      396159.
      80096.1
      407736.
      149416.
      248713.
      922566.
      395336.
      513638.
      237166.
      25772.9
      122606.
      306746.
      305292.
      427258.
      257712.
      131771.
      392178.
  1.86792e+06
      75091.2
      71927.1
      146846.
      609168.
      271334.
      245927.
  2.59796e+06
      676408.
  1.25085e+06
      260672.
      288103.
      138757.
      656003.
      264957.
      121221.
      157178.
      656078.
      433849.
      400913.
      360168.
      124669.
      204126.
      418026.
      263048.
      447430.
      333962.
      368805.
      161119.
      538961.
      135509.
      659347.
      209565.
      181522.
      82967.7
      250870.
  3.63233e+06
      136405.
      607151.
      265068.
      159545.
      127519.
      341242.
      133168.
      275699.
      109516.
      140502.
      73738.5
      115814.
      374368.
      61119.7
      10040.2
      392319.
      334791.
      336092.
      37634.2
      224289.
      328030.
      94099.3
      407979.
      725447.
      290182.
      362258.
      144269.
      263493.
      301777.
      581706.
      402976.
      116697.
      342565.
      351178.
      400021.
      242298.
      653625.
      98785.2
  2.37244e+06
      400433.
      992164.
      55915.1
      66759.0
      265438.
      234328.
      179294.
      0.00000
      298713.
      0.00000
      466973.
      85709.4
      230349.
      71715.0
      68156.5
      352480.
      235337.
      267718.
      204082.
      429858.
      44300.9
      250768.
      198668.
      97645.0
      130079.
      416486.
      242839.
      131745.
      302528.
      159080.
      255465.
      214743.
      163972.
      348936.
      28483.7
      276597.
      168866.
      256992.
      342391.
      133419.
      284185.
      168268.
      668525.
      237481.
      33501.9
      215818.
      98861.8
      300368.
      44865.7
      371454.
      358561.
      158859.
      205230.
      40081.7
      107680.
      276641.
      175969.
      209983.
      312829.
      41518.7
      220949.
      608987.
      421524.
      103221.
      150661.
      701974.
      86247.8
      400184.
      149901.
      76172.4
      534298.
      137434.
      227595.
      104684.
      0.00000
      0.00000
      17388.7
      37423.0
      117630.
      430417.
      156511.
      126303.
      388763.
      882019.
      690633.
      181953.
      237524.
      64868.9
      72065.9
      429665.
      212126.
      296797.
      260181.
      323704.
      242245.
      88835.0
      285511.
      107043.
      148519.
      150256.
      206843.
      38576.7
      239119.
      60940.9
      27151.1
      151398.
      258694.
      244522.
      4286.60
      74461.1
      45737.1
      87695.0
      268793.
      1428.95
      127958.
      169538.
      230673.
      169344.
      224824.
      133615.
      176137.
      68608.6
      333575.
      697026.
      198004.
      264464.
      0.00000
      94522.4
      172910.
      104879.
      115246.
      84543.1
      523127.
      54238.8
      68216.8
      24372.6
      289033.
      94453.3
      0.00000
      45778.0
      140569.
      0.00000
      183106.
      356725.
      222456.
      50741.7
      84444.3
      92008.9
      268621.
      164348.
      237502.
      0.00000
      385094.
      0.00000
      115531.
      304046.
      69457.1
      87727.1
      280211.
      168072.
      7213.58
      84338.7
      177245.
      264271.
      433203.
      0.00000
      300163.
      224086.
      49183.6
      365851.
      186201.
      18590.6
      91762.7
      515840.
      226582.
      264498.
      801826.
      273343.
      290517.
      149456.
      134491.
      233213.
      305679.
      280543.
      10003.4
      63147.4
      612963.
      246818.
      163946.
      195244.
      55776.6
      392090.
      24492.6
      198376.
      194320.
      88763.0
      28628.1
      34410.4
      0.00000
      153532.
      233616.
      11487.0
      130628.
  1.07172e+06
      216975.
      61582.5
      175341.
      308533.
      4303.00
      130035.
      113034.
      186320.
      220505.
      294473.
      73611.8
      32860.9
      157112.
      2861.39
      175322.
      76227.0
      83104.9
      21471.6
      143389.
      420295.
      63120.6
      100005.
      174145.
      107425.
      182544.
      155086.
      167542.
      243569.
      271444.
      73067.6
      133154.
      571438.
      1428.74
      309187.
      208440.
      137638.
      220272.
      25928.3
      0.00000
      136753.
      187464.
      4286.07
      82900.0
      221662.
      0.00000
      10005.0
      86768.1
      26115.6
      208652.
      69660.4
      125346.
      27173.5
      38959.4
      288325.
      190442.
      45839.7
      95570.3
      67514.0
      40582.8
      99372.6
      166396.
      159221.
      216086.
      206945.
      136214.
      393917.
      303214.
      58639.6
      161729.
      5714.36
      68649.2
      186937.
      30251.2
      0.00000
      341093.
      92032.1
      530820.
      200114.
      95216.7
      80190.3
      154759.
      148951.
      218899.
      52860.7
      146023.
      0.00000
      499746.
      332857.
      161999.
      84550.9
      214722.
      133795.
      207124.
      428252.
      272214.
      170067.
      88709.3
      128737.
      113835.
      0.00000
      291524.
      295867.
      28593.3
      180005.
      130564.
      40034.9
      75736.6
      22874.8
      53199.9
      235681.
      164169.
      439501.
      102248.
      205784.
      2862.00
      126913.
      540524.
  1.12512e+06
      117236.
      8590.83
      154394.
      85124.2
      7146.35
      31628.7
      45448.8
      34332.0
      25716.6
      259973.
      47956.8
      173350.
      77669.4
      117735.
      7143.43
      47539.3
      78558.8
      319239.
      5717.18
      14369.0
      200256.
      98037.5
      371597.
      2857.43
      251030.
      28662.6
      185252.
      118904.
      0.00000
      76094.7
      46408.7
      117203.
      397960.
      32947.7
      259149.
      77970.0
      159042.
      71559.8
      189049.
      525308.
      18584.1
      110381.
      210653.
      190275.
      194426.
      180428.
      148284.
      1428.58
      366050.
      1429.04
      11435.4
      172226.
      137709.
      113121.
      521515.
      94304.4
      11447.3
      1428.58
      150402.
      75885.4
      158033.
      47243.0
      158763.
      37514.1
      44457.4
      196693.
      282923.
      60090.4
      66405.1
      0.00000
      42956.3
      146956.
      308773.
      75747.3
      81666.9
      110218.
      0.00000
      31456.7
      0.00000
      426988.
      30098.1
      1428.60
      0.00000
      17146.7
      187488.
      20043.6
      31712.1
      54289.1
      74831.9
      0.00000
      100740.
      11439.3
      1428.85
      105486.
      227013.
      90116.8
      57223.1
      0.00000
      0.00000
      224752.
      0.00000
      152408.
      0.00000
      94341.7
      84576.6
      62275.0
      121709.
      158308.
      139495.
      40222.7
      98282.4
      35884.0
      47669.3
      98580.9
      174526.
      209620.
      134360.
      161767.
      124293.
      109119.
      142559.
      14287.0
      60071.8
      0.00000
      107969.
      225059.
      235673.
      108791.
      60030.2
      0.00000
      14290.3
      126509.
      150570.
      68406.1
      5714.38
      154338.
      0.00000
      70008.2
      20014.9
      0.00000
      5714.32
      273034.
      0.00000
      0.00000
      38587.5
      158317.
      74411.9
      151212.
      80830.9
      4286.46
      0.00000
      31781.7
      295082.
      46226.7
      5741.82
      65729.5
      172095.
      62099.5
      5714.80
      41431.0
      40099.9
      89042.7
      124758.
      0.00000
      106212.
      0.00000
      0.00000
      266874.
      158847.
      177397.
      7154.62
      60079.9
      120227.
      4313.19
      67150.2
      211512.
      210102.
      114801.
      74301.1
      51696.4
      211971.
      0.00000
      0.00000
      330663.
      0.00000
      221740.
      0.00000
      0.00000
      152878.
      161942.
      295627.
      88599.2
      77474.9
      234778.
      7144.13
      57184.7
      28607.3
      100071.
      204928.
      0.00000
      65836.6
      101666.
      4288.03
      0.00000
      75757.8
      199221.
      90078.6
      0.00000
      271110.
      0.00000
      51403.7
      180667.
      104347.
      0.00000
      187399.
      61638.8
      102515.
      77148.7
      123071.
      74378.9
      81445.1
      397308.
      82912.1
      0.00000
      0.00000
      77197.6
      0.00000
      82870.0
      0.00000
      80049.1
      72891.5
      121617.
      735171.
      15717.6
      141456.
      2857.20
      0.00000
      0.00000
      0.00000
      48633.8
      22868.3
      0.00000
      37635.2
      0.00000
      0.00000
      0.00000
      5714.50
      137313.
      0.00000
      32870.9
      0.00000
      35744.6
      76506.0
      0.00000
      27185.4
      0.00000
      2857.41
      0.00000
      0.00000
      94389.7
      0.00000
      0.00000
      0.00000
      88708.1
      31430.1
      91471.0
      138588.
      22686.1
      68578.0
      0.00000
      0.00000
      0.00000
      0.00000
      0.00000
      62913.4
      0.00000
      0.00000
      75778.8
      0.00000
      0.00000
      0.00000
      0.00000
      0.00000
      0.00000
      20003.2
      0.00000
      0.00000
      0.00000
      154393.
      5715.73
      0.00000
      657117.
      0.00000
      0.00000
      67020.0
      0.00000
      0.00000
      0.00000
      0.00000
      0.00000
      0.00000
      71276.6
      8579.69
      8572.67
      0.00000
      0.00000
      0.00000
      101473.
      0.00000
      0.00000
      0.00000
      0.00000
      72924.3
      0.00000
      0.00000
      237411.
      15714.3
      0.00000
      0.00000
      0.00000
      0.00000
      83246.4
      0.00000
      0.00000
      0.00000
      25723.8
      0.00000
      0.00000
      0.00000
      0.00000
      91805.6
      0.00000
      0.00000
      0.00000
      0.00000
      0.00000
      0.00000
      91687.0
      0.00000
      0.00000
      0.00000
      0.00000
      0.00000
      65883.2
      0.00000
      0.00000
      140067.
      0.00000
      0.00000
      0.00000
      0.00000
      0.00000
      44286.7
      0.00000
      0.00000
      18571.4
      0.00000
      83206.6
      118953.
      0.00000
      0.00000
      0.00000
      0.00000
      0.00000
      0.00000
      0.00000
      0.00000
      90290.0
      0.00000
      0.00000
      0.00000
      0.00000
      0.00000
      0.00000
      0.00000
      120206.
      0.00000
      0.00000
      0.00000
      0.00000
      0.00000
      0.00000
      0.00000
      0.00000
      0.00000
      0.00000
      0.00000
      0.00000
      0.00000
      0.00000
      0.00000
